        59861.532845        6.138767e-11        2.868907e-08
        59861.533083        2.126630e-08        2.917238e-08
        59861.533312       -1.334729e-08        2.901826e-08
        59861.533542       -2.078561e-08        2.915223e-08
        59861.533773        8.636815e-09        2.924743e-08
        59861.534002       -9.829478e-09        2.895017e-08
        59861.534231       -2.602781e-08        2.913314e-08
        59861.534461       -1.724631e-09        2.915194e-08
        59861.534691        3.986072e-09        2.926641e-08
        59861.534921       -1.022598e-08        2.911007e-08
        59861.535151        8.696927e-09        2.915469e-08
        59861.535380        5.602817e-10        2.924424e-08
        59861.535610       -9.061656e-09        2.900753e-08
        59861.535840       -1.764908e-08        2.901456e-08
        59861.536071        8.517262e-10        2.928117e-08
        59861.536301       -2.195509e-08        2.909850e-08
        59861.536530       -2.787119e-08        2.907078e-08
        59861.536760       -1.119685e-08        2.895641e-08
        59861.536991       -6.865612e-09        2.933446e-08
        59861.537220        3.581609e-09        2.926801e-08
        59861.537449       -2.920764e-08        2.896737e-08
        59861.537679        2.392436e-08        2.919712e-08
        59861.537909        7.130277e-09        2.908996e-08
        59861.538139        3.452921e-08        2.904729e-08
        59861.538370        3.011020e-08        2.923021e-08
        59861.538599        2.711112e-08        2.932036e-08
        59861.538829       -2.305309e-08        2.914989e-08
        59861.539058       -3.046978e-09        2.905092e-08
        59861.539289       -3.626822e-09        2.916563e-08
        59861.539518        1.093403e-08        2.907887e-08
        59861.539748       -2.605535e-08        2.901213e-08
        59861.539978        1.131060e-08        2.903449e-08
        59861.540207        9.166524e-09        2.906729e-08
        59861.540437        1.386208e-09        2.923057e-08
        59861.540668        5.196722e-09        2.902004e-08
        59861.540898        2.384925e-08        2.936988e-08
        59861.541127        1.006844e-08        2.920896e-08
        59861.541356       -9.492331e-09        2.910712e-08
        59861.541586        1.021341e-08        2.904826e-08
        59861.541817        1.479612e-08        2.936433e-08
        59861.542047       -5.975033e-09        2.910512e-08
        59861.542276       -7.615855e-09        2.899806e-08
        59861.542505        9.733544e-09        2.932456e-08
        59861.542735        1.131888e-08        2.890360e-08
        59861.542965       -7.458322e-09        2.903921e-08
        59861.543194        3.163510e-08        2.945063e-08
        59861.543424       -1.667826e-09        2.930450e-08
        59861.543653        1.131607e-08        2.920947e-08
        59861.543882        1.735696e-08        2.909439e-08
        59861.544113       -1.122569e-08        2.894705e-08
        59861.544343        6.660511e-09        2.931134e-08
        59861.544572       -9.714165e-10        2.923334e-08
        59861.544802       -4.517941e-08        2.896673e-08
        59861.545031        2.118251e-08        2.926031e-08
        59861.545260        6.028221e-09        2.919014e-08
        59861.545491        3.000129e-08        2.911313e-08
        59861.545721        2.920008e-09        2.950030e-08
        59861.545951        1.152207e-08        2.910945e-08
        59861.546181       -2.563576e-08        2.904151e-08
        59861.546411       -5.904247e-09        2.901711e-08
        59861.546641       -6.425915e-09        2.893761e-08
        59861.546871       -3.773145e-08        2.883225e-08
        59861.547101        4.803823e-08        2.907682e-08
        59861.547331        2.871393e-08        2.914455e-08
        59861.547561       -2.504042e-08        2.888762e-08
        59861.547791        6.235746e-09        2.920322e-08
        59861.548021       -1.405133e-08        2.893265e-08
        59861.548251        7.996302e-09        2.916401e-08
        59861.548481        7.991557e-09        2.934129e-08
        59861.548711        1.795445e-08        2.902721e-08
        59861.548941        8.785741e-09        2.938294e-08
        59861.549170       -3.088061e-08        2.888682e-08
        59861.549400       -4.636664e-08        2.893714e-08
        59861.549629       -1.648748e-08        2.895144e-08
        59861.549859        2.210270e-08        2.928621e-08
        59861.550089       -1.970986e-08        2.914786e-08
        59861.550319        7.097486e-08        2.946904e-08
        59861.550548        4.154176e-08        2.916369e-08
        59861.550777        2.411973e-08        2.911649e-08
        59861.551007        2.300769e-08        2.941953e-08
        59861.551237        1.230321e-08        2.905541e-08
        59861.551466        9.577916e-09        2.916042e-08
        59861.551695        6.473852e-09        2.912352e-08
        59861.551925        2.570608e-08        2.918174e-08
        59861.552155       -2.415067e-08        2.891998e-08
        59861.552385        4.059921e-08        2.920868e-08
        59861.552616       -2.254677e-09        2.929666e-08
        59861.552846       -2.215678e-08        2.897731e-08
        59861.553076       -2.517199e-08        2.906166e-08
        59861.553305       -1.811639e-09        2.899381e-08
        59861.553535        9.590447e-08        2.968623e-08
        59861.553764        1.257042e-08        2.911551e-08
        59861.553993        6.439582e-10        2.894914e-08
        59861.554223        3.611683e-08        2.899130e-08
        59861.554454       -2.543273e-08        2.915711e-08
        59861.554684        5.958005e-09        2.902649e-08
        59861.554913        9.869679e-09        2.911717e-08
        59861.555144        3.571499e-08        2.898314e-08
        59861.555373        2.796070e-08        2.845162e-08
        59861.555479        4.977029e-08        7.251272e-10
        59861.555491        1.445815e-08        7.193051e-10
        59861.555503       -7.291374e-09        7.192536e-10
        59861.555515        8.048350e-08        7.313083e-10
        59861.555526        1.631412e-07        7.454679e-10
        59861.555538        4.456625e-07        7.850535e-10
        59861.555550        4.586460e-07        7.891808e-10
        59861.555561        7.404470e-07        8.280528e-10
        59861.555580        1.242773e-06        8.971008e-10
        59861.555606        2.539036e-06        1.053820e-09
        59861.555618        2.858242e-06        1.089041e-09
        59861.555631        4.772607e-06        1.276558e-09
        59861.555643        6.337707e-06        1.408845e-09
        59861.555655        5.449570e-06        1.336091e-09
        59861.555667        4.541239e-06        1.253264e-09
        59861.555678        4.486154e-06        1.246257e-09
        59861.555690        4.612803e-06        1.258030e-09
        59861.555702        4.141443e-06        1.214180e-09
        59861.555714        3.165512e-06        1.115993e-09
        59861.555725        2.496635e-06        1.046603e-09
        59861.555737        2.214528e-06        1.012185e-09
        59861.555749        1.783247e-06        9.653839e-10
        59861.555761        1.862314e-06        9.704101e-10
        59861.555772        1.552860e-06        9.355388e-10
        59861.555784        1.199407e-06        8.952018e-10
        59861.555796        1.235715e-06        8.937798e-10
        59861.555808        1.150070e-06        8.843992e-10
        59861.555820        1.265440e-06        8.949019e-10
        59861.555831        9.054805e-07        8.508378e-10
        59861.555843        9.917232e-07        8.600932e-10
        59861.555855        7.216962e-07        8.257381e-10
        59861.555867        6.159326e-07        8.087103e-10
        59861.555879        6.930156e-07        8.185096e-10
        59861.555891        6.916731e-07        8.207375e-10
        59861.555902        6.222908e-07        8.132503e-10
        59861.555914        8.346071e-07        8.417474e-10
        59861.555926        1.007207e-06        8.636468e-10
        59861.555938        1.491375e-06        9.271245e-10
        59861.555949        2.265747e-06        1.018087e-09
        59861.555961        3.693663e-06        1.170582e-09
        59861.555973        5.201936e-06        1.313550e-09
        59861.555985        7.541977e-06        1.505820e-09
        59861.555997        1.064965e-05        1.729578e-09
        59861.556008        1.223140e-05        1.834035e-09
        59861.556020        1.154253e-05        1.787491e-09
        59861.556032        8.299668e-06        1.566889e-09
        59861.556045        7.383722e-06        1.495888e-09
        59861.556058        9.137281e-06        1.625230e-09
        59861.556120        4.768282e-06        1.279797e-09
        59861.556217        8.531674e-06        1.580114e-09
        59861.556230        1.312715e-05        1.882030e-09
        59861.556242        1.002567e-05        1.683148e-09
        59861.556254        1.176888e-05        1.796782e-09
        59861.556266        1.338481e-05        1.894790e-09
        59861.556278        1.369434e-05        1.916700e-09
        59861.556290        1.401353e-05        1.932982e-09
        59861.556302        1.354699e-05        1.906250e-09
        59861.556313        1.141417e-05        1.772967e-09
        59861.556325        1.058023e-05        1.717472e-09
        59861.556337        9.798194e-06        1.664118e-09
        59861.556349        9.453793e-06        1.639969e-09
        59861.556361        8.969107e-06        1.603915e-09
        59861.556373        8.368298e-06        1.559364e-09
        59861.556385        7.683017e-06        1.510005e-09
        59861.556397        6.788945e-06        1.441010e-09
        59861.556409        1.245210e-05        1.838893e-09
        59861.556421        1.357825e-05        1.911576e-09
        59861.556433        1.336028e-05        1.899149e-09
        59861.556450        4.717363e-06        1.274743e-09
        59861.556519        3.865908e-06        1.193870e-09
        59861.556550        1.168343e-05        1.793926e-09
        59861.556561        1.302118e-05        1.877688e-09
        59861.556573        1.364281e-05        1.914058e-09
        59861.556585        1.333647e-05        1.897121e-09
        59861.556596        1.246296e-05        1.842077e-09
        59861.556608        1.160848e-05        1.787684e-09
        59861.556620        1.127591e-05        1.764757e-09
        59861.556632        1.051768e-05        1.714964e-09
        59861.556643        9.588461e-06        1.654664e-09
        59861.556655        9.575418e-06        1.651631e-09
        59861.556667        9.069884e-06        1.616425e-09
        59861.556679        8.406177e-06        1.568486e-09
        59861.556691        7.925447e-06        1.530444e-09
        59861.556703        7.248363e-06        1.478963e-09
        59861.556715        6.480733e-06        1.417754e-09
        59861.556727        5.892748e-06        1.368218e-09
        59861.556739        5.227362e-06        1.311846e-09
        59861.556751        4.996123e-06        1.290393e-09
        59861.556763        4.585800e-06        1.252924e-09
        59861.556775        4.218635e-06        1.218364e-09
        59861.556787        4.088065e-06        1.205351e-09
        59861.556799        4.009374e-06        1.196069e-09
        59861.556811        3.305350e-06        1.129834e-09
        59861.556823        2.991518e-06        1.098401e-09
        59861.556835        2.608716e-06        1.057468e-09
        59861.556847        2.600561e-06        1.053460e-09
        59861.556858        2.076426e-06        9.986623e-10
        59861.556870        1.915144e-06        9.775344e-10
        59861.556882        1.613082e-06        9.429482e-10
        59861.556894        1.470890e-06        9.253950e-10
        59861.556905        1.487758e-06        9.280803e-10
        59861.556917        1.332708e-06        9.080228e-10
        59861.556929        1.123859e-06        8.821340e-10
        59861.556941        1.176726e-06        8.858845e-10
        59861.556953        1.052826e-06        8.712835e-10
        59861.556964        9.261052e-07        8.583041e-10
        59861.556976        8.778843e-07        8.497898e-10
        59861.556988        8.213664e-07        8.404012e-10
        59861.556999        7.778437e-07        8.341521e-10
        59861.557011        5.075450e-07        7.990116e-10
        59861.557023        7.605612e-07        8.286753e-10
        59861.557035        7.666412e-07        8.289282e-10
        59861.557046        6.901136e-07        8.204211e-10
        59861.557058        6.419122e-07        8.117537e-10
        59861.557070        4.323212e-07        7.852656e-10
        59861.557082        5.815402e-07        8.027934e-10
        59861.557093        4.139599e-07        7.809868e-10
        59861.557105        3.819369e-07        7.783163e-10
        59861.557117        4.414433e-07        7.856224e-10
        59861.557128        4.844176e-07        7.869669e-10
        59861.557140        3.484841e-07        7.723180e-10
        59861.557166        3.854257e-07        7.760160e-10
        59861.557184        4.129874e-07        7.812166e-10
        59861.557196        5.303938e-07        7.938054e-10
        59861.557208        3.877612e-07        7.767883e-10
        59861.557219        2.321723e-07        7.546625e-10
        59861.557231        3.022560e-07        7.671785e-10
        59861.557242        3.581360e-07        7.739242e-10
        59861.557254        4.375045e-07        7.838138e-10
        59861.557266        4.113708e-07        7.806578e-10
        59861.557278        4.376236e-07        7.830498e-10
        59861.557289        2.951893e-07        7.650570e-10
        59861.557301        2.943484e-07        7.647352e-10
        59861.557313        2.326902e-07        7.549559e-10
        59861.557324        2.854712e-07        7.627399e-10
        59861.557336        3.405341e-07        7.716164e-10
        59861.557348        2.981345e-07        7.652193e-10
        59861.557359        3.129552e-07        7.681958e-10
        59861.557371        2.103439e-07        7.510656e-10
        59861.557383        3.959611e-07        7.770743e-10
        59861.557395        3.619667e-07        7.717737e-10
        59861.557406        3.448773e-07        7.713327e-10
        59861.557418        2.549958e-07        7.595598e-10
        59861.557430        2.675370e-07        7.553013e-10
        59861.557442        2.058873e-07        7.513300e-10
        59861.557454        4.162249e-07        7.782305e-10
        59861.557465        2.602887e-07        7.577990e-10
        59861.557477        2.460412e-07        7.553253e-10
        59861.557489        2.982332e-07        7.619623e-10
        59861.557500        2.985802e-07        7.603199e-10
        59861.557512        3.232171e-07        7.677533e-10
        59861.557524        4.196848e-07        7.767669e-10
        59861.557535        6.295968e-07        8.059909e-10
        59861.557547        2.833102e-07        7.590821e-10
        59861.557559        1.676818e-07        7.427333e-10
        59861.557571        2.159009e-07        7.491589e-10
        59861.557582        1.624902e-07        7.453187e-10
        59861.557594        1.035646e-07        7.374959e-10
        59861.557605        1.665649e-07        7.461585e-10
        59861.557617        4.645959e-07        7.843732e-10
        59861.557629        2.450540e-07        7.548285e-10
        59861.557640        2.906661e-07        7.603023e-10
        59861.557652        3.206199e-07        7.624082e-10
        59861.557664        7.074031e-08        7.319605e-10
        59861.557676        3.159335e-07        7.615034e-10
        59861.557687        2.501585e-07        7.549221e-10
        59861.557699        3.420108e-07        7.719302e-10
        59861.557711        2.151573e-07        7.495370e-10
        59861.557723        2.548262e-07        7.562412e-10
        59861.557735        1.064748e-07        7.371871e-10
        59861.557759        1.552156e-07        7.430078e-10
        59861.557770        5.403366e-07        7.908062e-10
        59861.557782        2.409743e-07        7.540841e-10
        59861.557794        1.209841e-07        7.398958e-10
        59861.557806        1.838436e-07        7.447828e-10
        59861.557817        2.599974e-07        7.568150e-10
        59861.557829        4.442737e-07        7.776076e-10
        59861.557841        1.068182e-07        7.333431e-10
        59861.557853        1.743230e-07        7.457516e-10
        59861.557864        1.490898e-07        7.417303e-10
        59861.557876        2.881819e-07        7.584417e-10
        59861.557888        2.475827e-07        7.566724e-10
        59861.557900        2.514743e-07        7.573094e-10
        59861.557911        2.912745e-07        7.636339e-10
        59861.557923        3.565684e-07        7.756272e-10
        59861.557935        4.480667e-07        7.896272e-10
        59861.557946        6.052629e-07        8.106571e-10
        59861.557958        8.134673e-07        8.363784e-10
        59861.557970        8.750591e-07        8.466229e-10
        59861.557982        1.072491e-06        8.719124e-10
        59861.557993        9.593914e-07        8.594610e-10
        59861.558005        1.010517e-06        8.673841e-10
        59861.558017        9.674955e-07        8.597716e-10
        59861.558029        1.147691e-06        8.801542e-10
        59861.558041        1.086806e-06        8.737106e-10
        59861.558052        9.945251e-07        8.647927e-10
        59861.558064        1.282960e-06        8.972827e-10
        59861.558076        9.869219e-07        8.636308e-10
        59861.558087        1.098921e-06        8.744532e-10
        59861.558099        9.700328e-07        8.608533e-10
        59861.558111        1.079620e-06        8.728663e-10
        59861.558123        1.160063e-06        8.821652e-10
        59861.558134        1.198966e-06        8.833893e-10
        59861.558146        1.232224e-06        8.882960e-10
        59861.558158        1.000784e-06        8.641242e-10
        59861.558170        9.616635e-07        8.574749e-10
        59861.558182        9.548256e-07        8.559882e-10
        59861.558193        1.022896e-06        8.655551e-10
        59861.558205        8.250289e-07        8.405990e-10
        59861.558217        7.504660e-07        8.321669e-10
        59861.558229        6.844372e-07        8.208891e-10
        59861.558241        1.002282e-06        8.586481e-10
        59861.558252        8.111578e-07        8.353042e-10
        59861.558264        8.460159e-07        8.386475e-10
        59861.558276        5.710058e-07        8.065669e-10
        59861.558287        6.456554e-07        8.162067e-10
        59861.558299        7.464555e-07        8.270259e-10
        59861.558311        5.652467e-07        8.034391e-10
        59861.558322        4.831365e-07        7.958149e-10
        59861.558334        7.101540e-07        8.198352e-10
        59861.558346        5.620656e-07        8.059653e-10
        59861.558358        7.079416e-07        8.248352e-10
        59861.558369        5.896420e-07        8.075657e-10
        59861.558381        6.801099e-07        8.222803e-10
        59861.558393        6.624129e-07        8.184110e-10
        59861.558405        8.177339e-07        8.368234e-10
        59861.558416        6.202288e-07        8.105834e-10
        59861.558428        8.879806e-07        8.421558e-10
        59861.558440        6.578665e-07        8.159432e-10
        59861.558452        6.258544e-07        8.117167e-10
        59861.558463        6.010550e-07        8.102690e-10
        59861.558475        5.977878e-07        8.092216e-10
        59861.558487        7.318371e-07        8.211250e-10
        59861.558499        4.585096e-07        7.919246e-10
        59861.558511        4.616845e-07        7.934197e-10
        59861.558522        7.163485e-07        8.217767e-10
        59861.558534        7.115589e-07        8.234511e-10
        59861.558546        8.768938e-07        8.407108e-10
        59861.558557        6.852022e-07        8.247355e-10
        59861.558569        8.168453e-07        8.395055e-10
        59861.558581        1.151943e-06        8.812622e-10
        59861.558593        1.009366e-06        8.617551e-10
        59861.558605        8.981238e-07        8.514234e-10
        59861.558617        1.173857e-06        8.862154e-10
        59861.558629        1.030690e-06        8.662536e-10
        59861.558641        9.890127e-07        8.601300e-10
        59861.558653        1.007854e-06        8.625754e-10
        59861.558664        1.174601e-06        8.864800e-10
        59861.558676        1.261085e-06        8.963583e-10
        59861.558688        1.109056e-06        8.781622e-10
        59861.558700        1.307975e-06        9.019041e-10
        59861.558711        1.261446e-06        8.967497e-10
        59861.558723        8.999879e-07        8.523480e-10
        59861.558735        1.463187e-06        9.235841e-10
        59861.558747        1.516952e-06        9.308510e-10
        59861.558759        1.326669e-06        9.083389e-10
        59861.558770        1.499352e-06        9.296700e-10
        59861.558782        2.717752e-06        1.066764e-09
        59861.558794        2.475899e-06        1.043845e-09
        59861.558806        2.462794e-06        1.039804e-09
        59861.558817        1.882985e-06        9.702825e-10
        59861.558829        1.285096e-06        9.014135e-10
        59861.558841        1.356411e-06        9.104589e-10
        59861.558853        1.527055e-06        9.340564e-10
        59861.558865        1.597263e-06        9.437949e-10
        59861.558876        1.864843e-06        9.719383e-10
        59861.558888        1.878723e-06        9.731647e-10
        59861.558900        2.093026e-06        9.939573e-10
        59861.558912        1.949159e-06        9.820897e-10
        59861.558923        2.295775e-06        1.020982e-09
        59861.558935        2.602778e-06        1.057871e-09
        59861.558947        2.498025e-06        1.042992e-09
        59861.558959        2.354412e-06        1.028005e-09
        59861.558971        2.060576e-06        9.976414e-10
        59861.558982        1.949236e-06        9.792838e-10
        59861.558994        1.635867e-06        9.419599e-10
        59861.559006        1.208262e-06        8.903489e-10
        59861.559017        1.117474e-06        8.786078e-10
        59861.559029        1.131189e-06        8.798149e-10
        59861.559040        7.585651e-07        8.351116e-10
        59861.559052        7.681219e-07        8.349890e-10
        59861.559064        8.230252e-07        8.415912e-10
        59861.559075        1.142535e-06        8.797353e-10
        59861.559087        1.208112e-06        8.876812e-10
        59861.559099        1.315764e-06        9.025201e-10
        59861.559111        1.427151e-06        9.171548e-10
        59861.559122        1.466657e-06        9.232678e-10
        59861.559134        1.384220e-06        9.152812e-10
        59861.559146        1.365083e-06        9.111036e-10
        59861.559158        1.818131e-06        9.636064e-10
        59861.559170        1.668735e-06        9.516192e-10
        59861.559182        1.761779e-06        9.587654e-10
        59861.559194        1.997993e-06        9.864236e-10
        59861.559205        1.912607e-06        9.788280e-10
        59861.559217        1.502108e-06        9.283592e-10
        59861.559229        1.308275e-06        9.048118e-10
        59861.559241        1.638666e-06        9.452063e-10
        59861.559252        2.598436e-06        1.050702e-09
        59861.559264        3.202342e-06        1.121184e-09
        59861.559276        3.669818e-06        1.164356e-09
        59861.559288        3.202618e-06        1.116503e-09
        59861.559300        4.518739e-06        1.247255e-09
        59861.559311        3.974876e-06        1.195705e-09
        59861.559323        4.651962e-06        1.259462e-09
        59861.559335        5.925318e-06        1.370377e-09
        59861.559347        5.860228e-06        1.366280e-09
        59861.559359        8.557174e-06        1.576817e-09
        59861.559371        9.833455e-06        1.668551e-09
        59861.559382        1.325410e-05        1.891125e-09
        59861.559394        1.200169e-05        1.812906e-09
        59861.559406        9.203937e-06        1.623615e-09
        59861.559418        7.267859e-06        1.480428e-09
        59861.559430        6.585051e-06        1.424652e-09
        59861.559442        5.397234e-06        1.329667e-09
        59861.559454        5.264246e-06        1.314249e-09
        59861.559466        4.952839e-06        1.287113e-09
        59861.559478        4.737318e-06        1.268967e-09
        59861.559489        4.520040e-06        1.249217e-09
        59861.559501        4.592611e-06        1.256632e-09
        59861.559513        4.333883e-06        1.231126e-09
        59861.559525        4.345142e-06        1.234368e-09
        59861.559537        4.274107e-06        1.227859e-09
        59861.559549        4.903851e-06        1.284666e-09
        59861.559561        5.150028e-06        1.304317e-09
        59861.559572        4.493078e-06        1.243579e-09
        59861.559584        3.849149e-06        1.187289e-09
        59861.559596        3.398611e-06        1.141315e-09
        59861.559608        3.128934e-06        1.113812e-09
        59861.559620        3.184587e-06        1.116990e-09
        59861.559631        3.213931e-06        1.120280e-09
        59861.559643        2.939390e-06        1.092842e-09
        59861.559655        2.795053e-06        1.078274e-09
        59861.559667        2.802635e-06        1.074573e-09
        59861.559679        2.576595e-06        1.052176e-09
        59861.559690        2.349442e-06        1.026979e-09
        59861.559702        2.017546e-06        9.915399e-10
        59861.559714        1.938481e-06        9.808617e-10
        59861.559726        1.691073e-06        9.552432e-10
        59861.559737        1.712723e-06        9.529946e-10
        59861.559749        1.373795e-06        9.163406e-10
        59861.559761        1.487752e-06        9.263374e-10
        59861.559773        1.306908e-06        9.044535e-10
        59861.559785        1.416220e-06        9.151023e-10
        59861.559796        1.102506e-06        8.806118e-10
        59861.559808        1.145967e-06        8.850106e-10
        59861.559820        1.222539e-06        8.949671e-10
        59861.559832        1.076832e-06        8.765708e-10
        59861.559843        1.153193e-06        8.831529e-10
        59861.559855        1.165828e-06        8.832855e-10
        59861.559867        1.202731e-06        8.877900e-10
        59861.559878        1.009699e-06        8.657114e-10
        59861.559890        9.998839e-07        8.623067e-10
        59861.559902        9.105342e-07        8.537881e-10
        59861.559913        1.212295e-06        8.848785e-10
        59861.559925        1.087379e-06        8.722192e-10
        59861.559937        8.077504e-07        8.372341e-10
        59861.559949        8.370973e-07        8.412312e-10
        59861.559961        9.354733e-07        8.558498e-10
        59861.559973        1.058430e-06        8.708329e-10
        59861.559984        1.080459e-06        8.739212e-10
        59861.559996        1.045039e-06        8.704027e-10
        59861.560008        1.214904e-06        8.909038e-10
        59861.560019        1.320479e-06        9.035130e-10
        59861.560031        1.358675e-06        9.071920e-10
        59861.560043        1.217138e-06        8.937747e-10
        59861.560055        1.099971e-06        8.783342e-10
        59861.560067        1.245115e-06        8.917154e-10
        59861.560078        1.268690e-06        8.958028e-10
        59861.560090        1.023706e-06        8.687922e-10
        59861.560102        1.119511e-06        8.764038e-10
        59861.560114        1.101707e-06        8.734675e-10
        59861.560126        1.024343e-06        8.682244e-10
        59861.560137        8.901825e-07        8.516349e-10
        59861.560149        1.050473e-06        8.700773e-10
        59861.560161        1.024843e-06        8.658333e-10
        59861.560173        1.025439e-06        8.672412e-10
        59861.560185        1.101537e-06        8.763985e-10
        59861.560196        1.164800e-06        8.835429e-10
        59861.560208        1.063189e-06        8.724531e-10
        59861.560220        1.074779e-06        8.741842e-10
        59861.560232        1.216492e-06        8.895946e-10
        59861.560243        9.474657e-07        8.600560e-10
        59861.560255        8.378231e-07        8.430284e-10
        59861.560267        9.480107e-07        8.572647e-10
        59861.560279        6.767299e-07        8.210938e-10
        59861.560291        6.738389e-07        8.199063e-10
        59861.560302        6.526024e-07        8.125471e-10
        59861.560314        6.182183e-07        8.108833e-10
        59861.560326        4.724543e-07        7.937250e-10
        59861.560338        5.743251e-07        8.005013e-10
        59861.560349        4.252230e-07        7.852913e-10
        59861.560361        4.612923e-07        7.891058e-10
        59861.560373        2.819662e-07        7.633835e-10
        59861.560385        5.591049e-07        7.947046e-10
        59861.560397        3.413083e-07        7.685324e-10
        59861.560408        3.636943e-07        7.726232e-10
        59861.560420        2.167256e-07        7.528419e-10
        59861.560432        5.091858e-07        7.890298e-10
        59861.560444        2.327631e-07        7.561567e-10
        59861.560467        1.721646e-07        4.309728e-10
        59861.560491        1.752439e-07        7.424605e-10
        59861.560503        2.945665e-07        7.603778e-10
        59861.560514        3.067714e-07        7.611160e-10
        59861.560544        1.818774e-07        3.732179e-10
        59861.560585        3.169869e-07        4.406271e-10
        59861.560626        1.822682e-07        3.723832e-10
        59861.560673        1.575461e-07        3.710090e-10
        59861.560731        1.081150e-07        2.447295e-10
       	59861.560908        1.327843e-07        2.044896e-10
        59861.561927        7.241294e-08        1.018091e-08
        59861.563851        6.801290e-08        1.017380e-08
        59861.565778        3.777150e-08        1.010892e-08
        59861.567705        3.812859e-08        1.013105e-08
        59861.569630        2.136760e-08        1.008942e-08
        59861.571555        2.771729e-08        1.009481e-08
        59861.573482        1.276189e-08        1.010830e-08
        59861.575407        1.567937e-08        1.009585e-08
        59861.577330        1.133482e-08        1.008515e-08
        59861.579255        1.697308e-08        1.079838e-08
        59861.580933        2.294567e-08        5.497911e-09
        59861.587414        1.292080e-08        4.118015e-09
        59861.598944        3.810155e-09        5.436038e-09
        59861.605550        1.310806e-09        3.976122e-09
        59861.617883        6.057871e-09        3.995955e-09
        59861.630095        1.053280e-09        3.978504e-09
        59861.642339       -5.080081e-10        3.991843e-09
