        59861.532764        5.470970e-01
        59861.532875       -1.199270e+01
        59861.532967        6.858067e+00
        59861.533060       -1.531013e+01
        59861.533152       -1.468759e+01
        59861.533243       -1.650405e+00
        59861.533336        2.066111e+01
        59861.533427        1.428771e+01
        59861.533519       -2.321232e+01
        59861.533612       -4.500288e+01
        59861.533704       -2.167525e+02
        59861.533795        5.229827e+00
        59861.533887       -3.355676e+02
        59861.533979        4.741808e+00
        59861.534070       -3.024980e+00
        59861.534162       -2.313401e+00
        59861.534254       -6.504891e+00
        59861.534346       -1.679442e+01
        59861.534438        4.550012e+00
        59861.534530        8.378251e+01
        59861.534622        1.119966e+01
        59861.534714       -1.153274e+01
        59861.534806       -3.104904e+01
        59861.534897        5.914715e+00
        59861.534990        7.503728e+01
        59861.535082       -1.647480e+01
        59861.535173       -6.902881e+01
        59861.535265        1.586666e+00
        59861.535357        2.568892e+01
        59861.535449       -1.474438e+00
        59861.535541        8.297443e+00
        59861.535633       -2.254374e+01
        59861.535725        1.693386e+01
        59861.535817        4.444391e+00
        59861.535910       -2.230481e+00
        59861.536002       -4.136695e+00
        59861.536094       -2.432911e+00
        59861.536186       -1.468601e+01
        59861.536278        2.179835e+01
        59861.536370        9.310416e-01
        59861.536462        3.819301e+00
        59861.536553        5.194276e+01
        59861.536645       -1.117184e+01
        59861.536737       -1.300712e+01
        59861.536829       -6.804473e+00
        59861.536921       -1.725863e+01
        59861.537014       -6.141522e+00
        59861.537106       -7.331464e+00
        59861.537198       -4.167723e+00
        59861.537289       -1.915641e+01
        59861.537380        5.456051e+00
        59861.537472       -1.148346e+00
        59861.537564        2.433632e+01
        59861.537656        7.532917e+01
        59861.537748        2.189630e+00
        59861.537841       -7.047775e+00
        59861.537932       -4.009449e+01
        59861.538024        2.200593e+01
        59861.538116       -1.229547e+00
        59861.538208        1.046517e+01
        59861.538301       -6.737175e+00
        59861.538393       -1.346254e+01
        59861.538485        4.466538e+00
        59861.538577        2.196609e+01
        59861.538668       -3.404270e+01
        59861.538760        4.544191e+00
        59861.538852       -1.008338e+01
        59861.538943       -9.663245e+00
        59861.539035       -8.050879e-01
        59861.539128        5.666322e-01
        59861.539220       -4.731167e+00
        59861.539312        3.533694e+00
        59861.539404        3.629683e-01
        59861.539496       -5.156657e+01
        59861.539587        9.577095e+00
        59861.539679       -6.543148e+01
        59861.539771       -2.887079e+00
        59861.539863        4.678790e+00
        59861.539955        6.697718e+00
        59861.540046        3.461735e+00
        59861.540138       -3.755179e+01
        59861.540230        5.979203e+00
        59861.540322       -1.631586e+01
        59861.540414        4.129181e+01
        59861.540506       -1.681481e+00
        59861.540599        1.285695e+01
        59861.540691        1.296773e+01
        59861.540782       -3.971126e+00
        59861.540875       -5.208089e+00
        59861.540967       -8.518846e-01
        59861.541058       -3.031298e+00
        59861.541150        3.543224e+00
        59861.541241        1.045103e+01
        59861.541333       -7.591066e+00
        59861.541425        2.532289e+00
        59861.541517        3.932187e+01
        59861.541609       -2.090982e+01
        59861.541701        1.181865e+00
        59861.541794        2.093689e+00
        59861.541886       -5.257000e-01
        59861.541978       -8.783525e+01
        59861.542070       -4.238640e+00
        59861.542161        5.797572e-01
        59861.542253       -2.640170e+00
        59861.542344       -6.441703e+00
        59861.542436        5.422173e+00
        59861.542528       -3.380069e+00
        59861.542620       -1.639798e+01
        59861.542712        8.121198e-01
        59861.542804       -7.573569e+00
        59861.542896        3.456620e+00
        59861.542988       -9.136919e+00
        59861.543080        2.425094e+00
        59861.543171       -2.968556e+00
        59861.543263        4.233319e+01
        59861.543355       -8.265354e+00
        59861.543447        1.423079e+01
        59861.543539        4.488873e+00
        59861.543630        1.491099e+01
        59861.543722       -5.283510e-01
        59861.543813       -5.096633e+00
        59861.543905        2.621940e+01
        59861.543998       -1.092011e+01
        59861.544090        1.381879e+01
        59861.544182       -2.943015e+00
        59861.544274       -3.392703e+00
        59861.544365       -8.522021e+00
        59861.544458        5.385012e+00
        59861.544549        2.978108e+00
        59861.544641        2.157926e+01
        59861.544733       -7.819088e+01
        59861.544825        5.281651e+00
        59861.544916        3.552655e+01
        59861.545008        1.126805e+01
        59861.545100       -1.278796e+00
        59861.545192        1.391448e+01
        59861.545283        1.035402e+01
        59861.545375        1.538962e+00
        59861.545467        1.070202e+02
        59861.545560       -1.744237e+01
        59861.545652       -7.406635e+00
        59861.545744        1.326638e+02
        59861.545836       -1.810538e+00
        59861.545928        9.249087e+00
        59861.546020       -8.058282e+01
        59861.546112        9.137662e+00
        59861.546204       -1.042307e+01
        59861.546296        1.513115e+01
        59861.546388        1.567122e+01
        59861.546480        5.015006e+00
        59861.546572       -1.531034e+00
        59861.546664        2.838202e-01
        59861.546756       -2.927088e+00
        59861.546848       -5.532982e+00
        59861.546940       -3.191724e+01
        59861.547032       -2.225156e+01
        59861.547125        1.551829e+01
        59861.547216       -9.023045e+01
        59861.547308       -1.375825e+01
        59861.547400        5.733273e+00
        59861.547492        1.108734e+02
        59861.547584        1.520415e+01
        59861.547676        4.867888e+00
        59861.547768       -1.315697e+01
        59861.547860       -4.466706e+00
        59861.547952        5.963702e+01
        59861.548044        1.817013e+00
        59861.548136       -6.056877e+01
        59861.548228        1.834585e+00
        59861.548320        1.763381e+00
        59861.548412       -1.555620e+00
        59861.548504       -4.752698e+00
        59861.548596        2.115347e+01
        59861.548688        5.870629e+00
        59861.548780       -3.689125e+00
        59861.548872        5.626459e+00
        59861.548964        6.171463e-01
        59861.549056        3.885763e+00
        59861.549147        4.242108e+01
        59861.549239        1.456350e+00
        59861.549331        1.161703e+02
        59861.549423       -2.143805e+01
        59861.549514        4.388723e+00
        59861.549606       -8.756102e+00
        59861.549698       -3.048054e+00
        59861.549790       -1.302471e+01
        59861.549882        1.355492e+01
        59861.549974        7.424642e+02
        59861.550066        1.553325e+01
        59861.550158       -1.605316e+00
        59861.550250       -7.582601e+01
        59861.550342        4.585758e+00
        59861.550433        2.121696e+01
        59861.550525       -1.951509e+02
        59861.550617       -1.256491e+01
        59861.550708        1.758880e+01
        59861.550801       -2.014940e+01
        59861.550892        8.415483e+00
        59861.550984        4.841266e+00
        59861.551076       -4.701902e-01
        59861.551168        7.714438e+00
        59861.551260        2.600669e+01
        59861.551352       -3.409204e+01
        59861.551443        1.048549e+02
        59861.551535        3.468947e+00
        59861.551626        3.492040e+01
        59861.551718        4.522680e+01
        59861.551810        2.401686e+01
        59861.551902       -8.600402e+00
        59861.551994       -7.730487e+00
        59861.552086       -2.311088e+01
        59861.552178        7.402492e+00
        59861.552270        2.421323e+00
        59861.552362        1.517893e+00
        59861.552455       -2.844633e+01
        59861.552547        2.759658e+01
        59861.552639        1.862696e+01
        59861.552731        7.854786e-01
        59861.552823        4.339454e+00
        59861.552915        1.178004e+01
        59861.553007        1.193174e+01
        59861.553099       -3.560446e+00
        59861.553190        9.359408e+01
        59861.553282        1.123363e+02
        59861.553374        9.970005e+00
        59861.553466        5.520441e+00
        59861.553558        5.168556e+00
        59861.553649       -4.234483e+00
        59861.553741       -6.261694e+00
        59861.553832        7.876049e+00
        59861.553924       -1.488499e+01
        59861.554016        5.479039e+00
        59861.554108        2.256433e+01
        59861.554200       -5.433637e+00
        59861.554293       -3.162122e+01
        59861.554385       -5.165035e+00
        59861.554477       -1.414162e+01
        59861.554569        3.109094e+01
        59861.554661       -8.359517e+01
        59861.554753        1.513901e+00
        59861.554845        6.990633e+00
        59861.554936       -2.226898e+00
        59861.555028        8.094403e+00
        59861.555120        4.809955e+03
        59861.555213       -2.314068e+01
        59861.555304        8.930027e+00
        59861.555396        2.293976e+00
        59861.555488        1.706556e+01
        59861.555592        7.771460e+00
        59861.555695        5.792893e+00
        59861.555744        4.230403e+00
        59861.555748        4.493032e+00
        59861.555753        4.070800e+00
        59861.555757        3.842442e+00
        59861.555762        4.910193e+00
        59861.555767        4.208301e+00
        59861.555771        4.081209e+00
        59861.555776        5.654547e+00
        59861.555780        4.507722e+00
        59861.555785        2.838005e+00
        59861.555790        3.413783e+00
        59861.555794        3.496522e+00
        59861.555799        5.013041e+00
        59861.555804        4.244793e+00
        59861.555808        5.446754e+00
        59861.555813        4.776547e+00
        59861.555817        3.739629e+00
        59861.555822        3.190224e+00
        59861.555827        5.553187e+00
        59861.555831        2.476580e+00
        59861.555836        5.683703e+00
        59861.555841        3.499765e+00
        59861.555845        5.409521e+00
        59861.555850        5.649045e+00
        59861.555855        3.989684e+00
        59861.555859        2.753041e+00
        59861.555864        8.108562e+00
        59861.555868        5.129054e+00
        59861.555873        1.981802e+00
        59861.555878        6.841447e+00
        59861.555882        3.284359e+00
        59861.555887        5.283382e+00
        59861.555892        2.424177e+00
        59861.555896        6.269353e+00
        59861.555901        3.967467e+00
        59861.555905        5.889107e-01
        59861.555910        3.276462e+00
        59861.555915        3.676982e+00
        59861.555919        6.145678e+00
        59861.555924        2.890474e+00
        59861.555928        5.505166e+00
        59861.555933        5.608427e+00
        59861.555938        5.105897e+00
        59861.555942        5.127532e+00
        59861.555947        5.233729e+00
        59861.555952        6.215419e+00
        59861.555956        6.423735e+00
        59861.555961        5.581245e+00
        59861.555965        6.400303e+00
        59861.555970        6.858738e+00
        59861.555975        7.290893e+00
        59861.555979        7.709335e+00
        59861.555984        7.988807e+00
        59861.555989        8.145505e+00
        59861.555993        7.751766e+00
        59861.555998        8.228955e+00
        59861.556002        8.110051e+00
        59861.556007        7.519786e+00
        59861.556012        8.145817e+00
        59861.556016        7.712347e+00
        59861.556021        8.447039e+00
        59861.556025        8.535218e+00
        59861.556030        7.142502e+00
        59861.556035        7.097502e+00
        59861.556040        6.630808e+00
        59861.556046        6.591982e+00
        59861.556051        6.587807e+00
        59861.556056        6.422027e+00
        59861.556060        6.254490e+00
        59861.556065        6.118878e+00
        59861.556088        6.182061e+00
        59861.556207        4.590664e+00
        59861.556214        4.778953e+00
        59861.556220        5.808739e+00
        59861.556224        5.467859e+00
        59861.556229        5.164507e+00
        59861.556234        4.838238e+00
        59861.556239        4.961112e+00
        59861.556243        6.078387e+00
        59861.556248        5.021864e+00
        59861.556253        5.336456e+00
        59861.556257        4.998797e+00
        59861.556262        5.027121e+00
        59861.556267        4.793594e+00
        59861.556272        4.585645e+00
        59861.556276        5.228045e+00
        59861.556281        5.482797e+00
        59861.556285        5.379040e+00
        59861.556290        5.041230e+00
        59861.556295        5.251156e+00
        59861.556299        5.587324e+00
        59861.556304        5.574901e+00
        59861.556309        4.845177e+00
        59861.556313        5.368425e+00
        59861.556318        5.385738e+00
        59861.556323        5.292328e+00
        59861.556327        4.972492e+00
        59861.556332        4.948042e+00
        59861.556337        5.230937e+00
        59861.556342        4.954097e+00
        59861.556346        5.135386e+00
        59861.556351        5.188104e+00
        59861.556355        4.859820e+00
        59861.556360        5.013581e+00
        59861.556365        4.686599e+00
        59861.556369        5.055908e+00
        59861.556374        4.674166e+00
        59861.556379        4.723275e+00
        59861.556383        4.757442e+00
        59861.556388        4.365922e+00
        59861.556393        4.580122e+00
        59861.556397        4.190483e+00
        59861.556402        4.252814e+00
        59861.556407        5.942411e+00
        59861.556412        6.116880e+00
        59861.556416        5.560537e+00
        59861.556421        6.297129e+00
        59861.556426        6.144040e+00
        59861.556430        6.012480e+00
        59861.556435        5.819867e+00
        59861.556440        6.860986e+00
        59861.556445        7.214604e+00
        59861.556466        6.819858e+00
        59861.556499        6.846145e+00
        59861.556536        6.672816e+00
        59861.556544        5.744821e+00
        59861.556549        5.640116e+00
        59861.556553        6.324057e+00
        59861.556558        5.789897e+00
        59861.556563        6.150212e+00
        59861.556567        6.495301e+00
        59861.556572        6.282200e+00
        59861.556576        6.388075e+00
        59861.556581        6.488769e+00
        59861.556585        6.149526e+00
        59861.556590        6.597195e+00
        59861.556595        6.078572e+00
        59861.556599        5.914286e+00
        59861.556604        5.926474e+00
        59861.556608        5.797164e+00
        59861.556613        6.331601e+00
        59861.556618        5.727748e+00
        59861.556622        5.814819e+00
        59861.556627        6.182633e+00
        59861.556632        6.298569e+00
        59861.556636        6.344145e+00
        59861.556641        6.108937e+00
        59861.556645        5.978349e+00
        59861.556650        5.726480e+00
        59861.556655        6.284265e+00
        59861.556659        5.734891e+00
        59861.556664        6.495978e+00
        59861.556669        5.860214e+00
        59861.556673        6.016768e+00
        59861.556678        6.200714e+00
        59861.556683        6.273114e+00
        59861.556688        6.088952e+00
        59861.556692        6.250574e+00
        59861.556697        6.174386e+00
        59861.556701        5.670938e+00
        59861.556706        6.040862e+00
        59861.556711        6.261191e+00
        59861.556716        5.491214e+00
        59861.556720        5.538065e+00
        59861.556725        5.601281e+00
        59861.556730        5.807522e+00
        59861.556734        5.773033e+00
        59861.556739        5.771603e+00
        59861.556744        5.831176e+00
        59861.556748        5.296038e+00
        59861.556753        5.178130e+00
        59861.556758        5.108450e+00
        59861.556762        5.541657e+00
        59861.556767        4.846846e+00
        59861.556772        4.919645e+00
        59861.556776        5.302465e+00
        59861.556781        5.495504e+00
        59861.556786        5.279270e+00
        59861.556790        5.046365e+00
        59861.556795        5.175898e+00
        59861.556800        4.977131e+00
        59861.556805        5.253088e+00
        59861.556809        5.166028e+00
        59861.556814        5.227959e+00
        59861.556819        4.166102e+00
        59861.556824        5.596784e+00
        59861.556828        5.356089e+00
        59861.556833        5.136945e+00
        59861.556838        5.099974e+00
        59861.556842        4.485991e+00
        59861.556847        4.785011e+00
        59861.556851        5.823280e+00
        59861.556856        5.402352e+00
        59861.556861        4.943879e+00
        59861.556865        5.172329e+00
        59861.556870        4.563258e+00
        59861.556874        6.256747e+00
        59861.556879        4.806710e+00
        59861.556884        7.386075e+00
        59861.556888        6.183613e+00
        59861.556893        4.597413e+00
        59861.556897        6.527607e+00
        59861.556902        4.800082e+00
        59861.556907        5.699594e+00
        59861.556911        4.045937e+00
        59861.556916        5.570533e+00
        59861.556920        5.464902e+00
        59861.556925        5.457916e+00
        59861.556930        6.024262e+00
        59861.556934        6.760692e+00
        59861.556939        6.628305e+00
        59861.556943        4.617215e+00
        59861.556948        6.036523e+00
        59861.556953        5.481178e+00
        59861.556957        5.728355e+00
        59861.556962        6.244792e+00
        59861.556967        3.821265e+00
        59861.556971        4.922169e+00
        59861.556976        7.531649e+00
        59861.556980        5.157549e+00
        59861.556985        6.000001e+00
        59861.556990        2.806446e+00
        59861.556994        9.510383e+00
        59861.556999        5.916487e+00
        59861.557004        6.729343e+00
        59861.557008        8.459889e+00
        59861.557013        7.354823e+00
        59861.557017        6.749249e+00
        59861.557022        6.518302e+00
        59861.557027        3.867020e+00
        59861.557031        4.030982e+00
        59861.557036        7.028813e+00
        59861.557040        6.969582e+00
        59861.557045        7.433441e+00
        59861.557050        3.179755e+00
        59861.557054        5.753673e+00
        59861.557059        7.034728e+00
        59861.557063        4.976588e+00
        59861.557068        8.794778e+00
        59861.557073        8.567633e+00
        59861.557077        3.497293e+00
        59861.557082        5.741861e+00
        59861.557475        5.066821e+00
        59861.558222        3.957844e+00
        59861.558970        4.628472e+00
        59861.559719        5.536280e+00
        59861.560467        4.372425e+00
        59861.561213        4.905576e+00
        59861.561958        5.845674e+00
        59861.562703        5.448981e+00
        59861.563447        5.276206e+00
        59861.564194        7.597672e+00
        59861.564939        4.842843e+00
        59861.565685        1.050321e+01
        59861.566431        5.550286e+00
        59861.567177        4.352859e+00
        59861.567922        1.415656e+01
        59861.568668        1.209800e+01
        59861.569413        3.569932e+00
        59861.570158        2.132740e+00
        59861.570902        1.295039e+00
        59861.571648        2.293119e+01
        59861.572394        8.399558e+00
        59861.573140        3.946470e+01
        59861.573887       -6.895229e+00
        59861.574632        7.268580e+00
        59861.575376        1.417605e+01
        59861.576120        7.871350e+00
        59861.576864        5.431243e+00
        59861.577609        5.256902e+00
        59861.578354        4.922367e+00
        59861.579098        6.090824e+00
        59861.579848        7.392693e+00
        59861.580933        2.724398e+01
        59861.584531        2.038666e+01
        59861.590296        5.116073e+00
        59861.596061       -8.690945e+00
        59861.601827        2.563793e+01
        59861.605550       -7.191755e-01
        59861.617883       -1.919849e+01
        59861.630095       -2.412706e+00
        59861.642339        9.567261e-01
        59861.654580       -2.257448e+01
        59861.667115        2.032742e+00
        59861.679176        3.760169e+00
        59861.691507        1.122228e-01
        59861.703709       -6.775757e-01
        59861.715952       -1.084926e+00
        59861.728338       -9.001544e-01
        59861.740676       -1.872271e+00
        59861.752876        5.220584e+00
        59861.765124        5.313444e-01
        59861.777388       -2.419759e+00
        59861.789633        1.385758e+00
        59861.826391        3.181787e+00
        59861.814143        7.912020e-01
        59861.850877       -5.009192e-01
        59861.838629        4.125972e+00
        59861.875490       -3.387948e+00
        59861.863120        1.533850e+00
        59861.900096        1.727651e+00
        59861.887827        5.542382e-01
        59861.924673       -1.874055e+00
        59861.912425        2.656279e+00
        59861.949327        3.342037e+00
        59861.936933        3.816481e+00
        59861.973873        9.963663e+00
        59861.961661        2.556992e+00
        59861.998372        4.167434e+00
        59861.986124        2.415628e+00
        59862.022975        3.316778e+00
        59862.010628        2.088522e+00
        59862.047568        9.985634e-01
        59862.035315       -1.075081e-01
        59862.072243       -3.110965e+00
        59862.059831       -3.660615e-01
        59862.096873        6.946773e-01
        59862.084576       -2.763655e-01
        59862.148381       -2.905187e+00
        59862.122805       -2.248323e+00
        59862.177115       -7.869915e+00
        59862.160637       -4.216645e+00
