        59861.532764       -1.132263e-08
        59861.532875       -2.860962e-08
        59861.532967        8.372585e-09
        59861.533060        2.639475e-08
        59861.533152        5.800138e-08
        59861.533243        7.682774e-09
        59861.533336       -2.288027e-08
        59861.533427       -2.711575e-08
        59861.533519       -1.538258e-09
        59861.533612       -4.196331e-08
        59861.533704        3.504374e-08
        59861.533795        2.105033e-08
        59861.533887       -3.939294e-08
        59861.533979       -2.484439e-08
        59861.534070        4.678771e-09
        59861.534162        6.226636e-09
        59861.534254       -1.865449e-08
        59861.534346       -4.647943e-08
        59861.534438       -3.567597e-08
        59861.534530        2.471931e-08
        59861.534622       -1.944887e-08
        59861.534714        1.422275e-08
        59861.534806       -1.036423e-08
        59861.534897       -2.231431e-08
        59861.534990        2.182205e-08
        59861.535082        2.536122e-08
        59861.535173        1.937115e-08
        59861.535265        2.448521e-08
        59861.535357       -4.549200e-08
        59861.535449       -1.065247e-09
        59861.535541       -3.941435e-08
        59861.535633        4.089833e-08
        59861.535725       -6.627975e-08
        59861.535817        6.985146e-09
        59861.535910       -9.448842e-09
        59861.536002       -1.587552e-08
        59861.536094        3.222020e-09
        59861.536186        4.924631e-08
        59861.536278       -9.577500e-08
        59861.536370        5.940926e-09
        59861.536462        4.517071e-09
        59861.536553       -8.188929e-08
        59861.536645        1.700776e-08
        59861.536737       -4.290721e-08
        59861.536829        5.118800e-09
        59861.536921       -1.210968e-08
        59861.537014        6.107802e-09
        59861.537106       -1.041259e-08
        59861.537198        3.164614e-09
        59861.537289        4.557065e-09
        59861.537380       -5.939959e-08
        59861.537472       -3.293702e-09
        59861.537564       -2.352021e-08
        59861.537656        2.372850e-08
        59861.537748        4.879396e-08
        59861.537841       -1.210979e-08
        59861.537932        2.313693e-08
        59861.538024        4.483495e-08
        59861.538116       -5.901000e-09
        59861.538208        5.370461e-08
        59861.538301        1.814087e-08
        59861.538393        2.584831e-08
        59861.538485        1.595006e-08
        59861.538577        1.146811e-07
        59861.538668       -3.204963e-08
        59861.538760       -1.368674e-08
        59861.538852       -1.137229e-08
        59861.538943       -3.314201e-08
        59861.539035        8.406621e-09
        59861.539128       -1.593887e-08
        59861.539220        1.486083e-08
        59861.539312       -1.476059e-08
        59861.539404       -1.156094e-08
        59861.539496        2.209981e-08
        59861.539587        7.146405e-09
        59861.539679       -4.898560e-08
        59861.539771       -1.395172e-08
        59861.539863        2.723585e-08
        59861.539955       -1.878812e-08
        59861.540046        1.714507e-08
        59861.540138        3.178773e-08
        59861.540230       -6.083814e-09
        59861.540322        8.264614e-09
        59861.540414       -3.236112e-08
        59861.540506        2.429175e-08
        59861.540599        2.125521e-08
        59861.540691        3.115426e-09
        59861.540782       -4.415367e-09
        59861.540875        3.671821e-08
        59861.540967        1.545858e-08
        59861.541058        1.345491e-08
        59861.541150        7.236719e-09
        59861.541241       -2.247175e-08
        59861.541333       -6.556128e-09
        59861.541425        9.293829e-09
        59861.541517       -1.826394e-08
        59861.541609        5.578983e-09
        59861.541701        2.490496e-08
        59861.541794        4.061539e-08
        59861.541886        9.205658e-09
        59861.541978        2.414496e-08
        59861.542070       -2.684939e-08
        59861.542161       -4.292701e-09
        59861.542253       -1.152547e-08
        59861.542344       -1.593748e-08
        59861.542436        2.044678e-08
        59861.542528        1.009804e-08
        59861.542620        2.070686e-08
        59861.542712       -1.300522e-08
        59861.542804        1.390181e-08
        59861.542896       -4.366017e-08
        59861.542988        2.574779e-08
        59861.543080       -3.275340e-09
        59861.543171       -6.290928e-10
        59861.543263        8.177579e-08
        59861.543355        4.269658e-09
        59861.543447       -3.242280e-08
        59861.543539        6.776390e-09
        59861.543630        3.527927e-08
        59861.543722        9.735305e-09
        59861.543813       -4.721064e-09
        59861.543905       -1.862798e-08
        59861.543998        3.840837e-08
        59861.544090        1.958942e-08
        59861.544182       -1.980332e-08
        59861.544274        2.815828e-08
        59861.544365       -4.373573e-09
        59861.544458       -1.491703e-10
        59861.544549        4.265341e-08
        59861.544641       -5.254875e-08
        59861.544733       -5.184781e-08
        59861.544825       -3.908595e-08
        59861.544916       -2.658326e-08
        59861.545008        6.452990e-08
        59861.545100       -7.488025e-09
        59861.545192        4.900794e-08
        59861.545283       -3.939589e-08
        59861.545375        2.949435e-08
        59861.545467        1.030493e-08
        59861.545560        4.017981e-08
        59861.545652        1.329885e-08
        59861.545744       -4.256477e-08
        59861.545836        1.327635e-08
        59861.545928       -5.921584e-09
        59861.546020        5.753362e-08
        59861.546112       -4.596760e-08
        59861.546204        3.069187e-08
        59861.546296       -4.737723e-08
        59861.546388        3.106750e-08
        59861.546480       -4.774738e-08
        59861.546572       -1.493165e-08
        59861.546664       -5.822513e-09
        59861.546756       -1.520456e-08
        59861.546848       -1.030802e-08
        59861.546940       -6.460929e-08
        59861.547032        7.312719e-08
        59861.547125        3.817092e-08
        59861.547216        3.613235e-08
        59861.547308        1.901020e-08
        59861.547400        2.495725e-08
        59861.547492       -4.711998e-08
        59861.547584       -1.101624e-08
        59861.547676        3.083370e-09
        59861.547768        1.925235e-08
        59861.547860       -1.169409e-08
        59861.547952       -3.549241e-08
        59861.548044       -2.415441e-08
        59861.548136        1.603083e-08
        59861.548228        1.453630e-08
        59861.548320        1.345891e-08
        59861.548412       -3.340039e-09
        59861.548504        1.963782e-09
        59861.548596        6.220201e-08
        59861.548688       -1.062379e-08
        59861.548780        1.418041e-08
        59861.548872       -7.650224e-09
        59861.548964        2.692310e-08
        59861.549056       -1.173212e-08
        59861.549147       -4.236616e-08
        59861.549239       -2.089449e-08
        59861.549331       -6.656060e-08
        59861.549423       -7.522799e-08
        59861.549514        1.585217e-08
        59861.549606       -2.456007e-08
        59861.549698       -7.121295e-09
        59861.549790        4.222902e-08
        59861.549882        3.884957e-08
        59861.549974       -5.493807e-08
        59861.550066       -2.176991e-08
        59861.550158        1.128623e-09
        59861.550250        9.399293e-08
        59861.550342        7.081817e-08
        59861.550433        6.386686e-08
        59861.550525        7.272093e-09
        59861.550617        4.485899e-08
        59861.550708        3.172314e-08
        59861.550801        4.024724e-08
        59861.550892       -2.805980e-08
        59861.550984        5.972667e-08
        59861.551076        1.369881e-08
        59861.551168       -2.742718e-08
        59861.551260        1.227555e-08
        59861.551352        3.226874e-08
        59861.551443        3.942743e-08
        59861.551535       -2.324232e-09
        59861.551626       -5.984283e-08
        59861.551718        6.679487e-08
        59861.551810        3.706809e-08
        59861.551902        1.385350e-08
        59861.551994        2.209340e-08
        59861.552086        1.669124e-08
        59861.552178       -6.106313e-08
        59861.552270        2.979165e-08
        59861.552362        2.525964e-08
        59861.552455        2.995932e-08
        59861.552547        1.842422e-08
        59861.552639       -4.367649e-08
        59861.552731        3.053217e-08
        59861.552823       -4.623816e-08
        59861.552915       -2.055322e-08
        59861.553007       -4.915772e-08
        59861.553099       -1.228862e-08
        59861.553190       -2.100006e-08
        59861.553282        3.882111e-08
        59861.553374       -2.431672e-08
        59861.553466        1.902177e-07
        59861.553558        6.317820e-08
        59861.553649        3.350473e-09
        59861.553741       -7.545251e-09
        59861.553832        2.150309e-08
        59861.553924        5.347936e-09
        59861.554016       -1.318956e-08
        59861.554108        4.769512e-09
        59861.554200        2.775389e-08
        59861.554293        6.673731e-08
        59861.554385       -1.408205e-08
        59861.554477       -1.630385e-08
        59861.554569       -3.557979e-08
        59861.554661        2.764358e-08
        59861.554753       -1.084739e-08
        59861.554845        2.570897e-08
        59861.554936        9.977032e-09
        59861.555028        3.087698e-08
        59861.555120       -5.851766e-09
        59861.555213        5.276747e-08
        59861.555304        6.304850e-08
        59861.555396       -1.287797e-08
        59861.555488        1.565517e-07
        59861.555592        3.784695e-06
        59861.555695        5.110441e-06
        59861.555744        2.437289e-06
        59861.555748        2.133185e-06
        59861.555753        2.002948e-06
        59861.555757        1.841283e-06
        59861.555762        2.149893e-06
        59861.555767        1.878055e-06
        59861.555771        1.761187e-06
        59861.555776        2.112925e-06
        59861.555780        1.558244e-06
        59861.555785        1.302817e-06
        59861.555790        1.314910e-06
        59861.555794        1.221464e-06
        59861.555799        1.430127e-06
        59861.555804        1.257070e-06
        59861.555808        1.483423e-06
        59861.555813        1.362826e-06
        59861.555817        1.457839e-06
        59861.555822        9.984117e-07
        59861.555827        1.341139e-06
        59861.555831        7.184099e-07
        59861.555836        1.109547e-06
        59861.555841        1.122894e-06
        59861.555845        9.197228e-07
        59861.555850        1.020285e-06
        59861.555855        8.087113e-07
        59861.555859        6.711593e-07
        59861.555864        8.308730e-07
        59861.555868        6.083903e-07
        59861.555873        5.519171e-07
        59861.555878        7.320706e-07
        59861.555882        7.576824e-07
        59861.555887        9.075126e-07
        59861.555892        6.272152e-07
        59861.555896        8.057431e-07
        59861.555901        6.823286e-07
        59861.555905        4.048105e-07
        59861.555910        8.304968e-07
        59861.555915        8.115107e-07
        59861.555919        1.194125e-06
        59861.555924        8.615080e-07
        59861.555928        1.341290e-06
        59861.555933        1.569457e-06
        59861.555938        1.810708e-06
        59861.555942        2.214628e-06
        59861.555947        2.384621e-06
        59861.555952        3.229862e-06
        59861.555956        3.983246e-06
        59861.555961        4.832348e-06
        59861.555965        5.977664e-06
        59861.555970        7.267741e-06
        59861.555975        8.292046e-06
        59861.555979        9.545927e-06
        59861.555984        1.149159e-05
        59861.555989        1.388240e-05
        59861.555993        1.484540e-05
        59861.555998        1.833507e-05
        59861.556002        2.008083e-05
        59861.556007        1.930256e-05
        59861.556012        2.044857e-05
        59861.556016        2.001289e-05
        59861.556021        1.922809e-05
        59861.556025        1.692260e-05
        59861.556030        1.080123e-05
        59861.556035        1.376146e-05
        59861.556040        1.119465e-05
        59861.556046        9.909214e-06
        59861.556051        1.416653e-05
        59861.556056        1.494369e-05
        59861.556060        1.141174e-05
        59861.556065        9.341524e-06
        59861.556088        5.765851e-06
        59861.556207        7.385840e-06
        59861.556214        6.934971e-06
        59861.556220        1.423540e-05
        59861.556224        1.717429e-05
        59861.556229        1.742043e-05
        59861.556234        1.454455e-05
        59861.556239        1.363291e-05
        59861.556243        1.034834e-05
        59861.556248        1.692243e-05
        59861.556253        1.397906e-05
        59861.556257        1.448692e-05
        59861.556262        1.394928e-05
        59861.556267        1.712209e-05
        59861.556272        1.728069e-05
        59861.556276        1.764120e-05
        59861.556281        1.748167e-05
        59861.556285        1.837732e-05
        59861.556290        1.729980e-05
        59861.556295        1.685449e-05
        59861.556299        1.764329e-05
        59861.556304        1.748664e-05
        59861.556309        1.511438e-05
        59861.556313        1.420105e-05
        59861.556318        1.388275e-05
        59861.556323        1.343615e-05
        59861.556327        1.295712e-05
        59861.556332        1.241307e-05
        59861.556337        1.240121e-05
        59861.556342        1.145274e-05
        59861.556346        1.147627e-05
        59861.556351        1.201339e-05
        59861.556355        1.156622e-05
        59861.556360        1.067180e-05
        59861.556365        1.025514e-05
        59861.556369        9.983136e-06
        59861.556374        9.821379e-06
        59861.556379        9.801719e-06
        59861.556383        9.243563e-06
        59861.556388        8.555868e-06
        59861.556393        7.860343e-06
        59861.556397        7.602399e-06
        59861.556402        8.514066e-06
        59861.556407        1.621052e-05
        59861.556412        1.873356e-05
        59861.556416        1.733315e-05
        59861.556421        1.941818e-05
        59861.556426        1.925078e-05
        59861.556430        1.832730e-05
        59861.556435        1.909157e-05
        59861.556440        1.244754e-05
        59861.556445        8.137287e-06
        59861.556466        3.435481e-06
        59861.556499        2.526623e-06
        59861.556536        6.252500e-06
        59861.556544        1.430942e-05
        59861.556549        1.709079e-05
        59861.556553        1.571799e-05
        59861.556558        1.706410e-05
        59861.556563        1.833517e-05
        59861.556567        1.907371e-05
        59861.556572        1.893204e-05
        59861.556576        1.905458e-05
        59861.556581        1.909055e-05
        59861.556585        1.880492e-05
        59861.556590        1.853130e-05
        59861.556595        1.720243e-05
        59861.556599        1.641005e-05
        59861.556604        1.613405e-05
        59861.556608        1.550825e-05
        59861.556613        1.580867e-05
        59861.556618        1.520878e-05
        59861.556622        1.483075e-05
        59861.556627        1.479537e-05
        59861.556632        1.452509e-05
        59861.556636        1.418219e-05
        59861.556641        1.325200e-05
        59861.556645        1.316452e-05
        59861.556650        1.308381e-05
        59861.556655        1.360977e-05
        59861.556659        1.240796e-05
        59861.556664        1.287605e-05
        59861.556669        1.244874e-05
        59861.556673        1.195505e-05
        59861.556678        1.175615e-05
        59861.556683        1.147813e-05
        59861.556688        1.095111e-05
        59861.556692        1.078874e-05
        59861.556697        1.041674e-05
        59861.556701        9.400047e-06
        59861.556706        9.721314e-06
        59861.556711        9.049236e-06
        59861.556716        8.300582e-06
        59861.556720        7.971748e-06
        59861.556725        7.646741e-06
        59861.556730        7.601809e-06
        59861.556734        7.215450e-06
        59861.556739        6.882461e-06
        59861.556744        6.560824e-06
        59861.556748        6.555155e-06
        59861.556753        6.002965e-06
        59861.556758        5.905410e-06
        59861.556762        5.624725e-06
        59861.556767        5.426548e-06
        59861.556772        5.031777e-06
        59861.556776        5.146190e-06
        59861.556781        5.124687e-06
        59861.556786        4.993155e-06
        59861.556790        4.847018e-06
        59861.556795        5.172359e-06
        59861.556800        4.335749e-06
        59861.556805        4.420730e-06
        59861.556809        4.197266e-06
        59861.556814        3.923812e-06
        59861.556819        3.488561e-06
        59861.556824        3.910841e-06
        59861.556828        3.324557e-06
        59861.556833        3.461201e-06
        59861.556838        3.083282e-06
        59861.556842        2.766323e-06
        59861.556847        3.007138e-06
        59861.556851        3.078516e-06
        59861.556856        2.768949e-06
        59861.556861        2.601214e-06
        59861.556865        2.427200e-06
        59861.556870        2.353477e-06
        59861.556874        2.279408e-06
        59861.556879        1.958103e-06
        59861.556884        2.384864e-06
        59861.556888        2.079304e-06
        59861.556893        1.912757e-06
        59861.556897        1.870312e-06
        59861.556902        1.872522e-06
        59861.556907        1.894193e-06
        59861.556911        1.559905e-06
        59861.556916        1.752637e-06
        59861.556920        1.729328e-06
        59861.556925        1.608488e-06
        59861.556930        1.544510e-06
        59861.556934        1.546374e-06
        59861.556939        1.539687e-06
        59861.556943        1.312273e-06
        59861.556948        1.433544e-06
        59861.556953        1.457836e-06
        59861.556957        1.246289e-06
        59861.556962        1.321032e-06
        59861.556967        1.164952e-06
        59861.556971        1.244246e-06
        59861.556976        1.490020e-06
        59861.556980        1.143312e-06
        59861.556985        9.522571e-07
        59861.556990        8.703818e-07
        59861.556994        1.302210e-06
        59861.556999        9.949809e-07
        59861.557004        1.165796e-06
        59861.557008        1.002062e-06
        59861.557013        7.708205e-07
        59861.557017        8.492128e-07
        59861.557022        1.099672e-06
        59861.557027        7.370510e-07
        59861.557031        7.951763e-07
        59861.557036        9.824853e-07
        59861.557040        9.039835e-07
        59861.557045        1.036870e-06
        59861.557050        6.349940e-07
        59861.557054        9.061439e-07
        59861.557059        7.864097e-07
        59861.557063        5.058249e-07
        59861.557068        7.574729e-07
        59861.557073        9.148287e-07
        59861.557077        6.136091e-07
        59861.557082        6.126483e-07
        59861.557475        3.636362e-07
        59861.558222        8.421132e-07
        59861.558970        2.236390e-06
        59861.559719        4.163016e-06
        59861.560467        5.182985e-07
        59861.561213        9.565487e-08
        59861.561958        7.762704e-08
        59861.562703        5.183511e-08
        59861.563447        7.422284e-08
        59861.564194        6.869109e-08
        59861.564939        4.549301e-08
        59861.565685        4.603222e-08
        59861.566431        2.467520e-08
        59861.567177        1.750354e-08
        59861.567922        6.599306e-08
        59861.568668        3.329098e-08
        59861.569413        2.137021e-08
        59861.570158        1.038861e-08
        59861.570902        1.766166e-08
        59861.571648        3.936971e-08
        59861.572394        2.192549e-08
        59861.573140        2.952766e-08
        59861.573887       -7.400466e-09
        59861.574632        2.532063e-08
        59861.575376        1.137186e-08
        59861.576120        1.258212e-08
        59861.576864        1.351021e-08
        59861.577609        1.673603e-08
        59861.578354        1.358169e-08
        59861.579098        6.181142e-09
        59861.579848        1.870723e-08
        59861.580933        2.283531e-08
        59861.584531        1.872775e-08
        59861.590296        6.892966e-09
        59861.596061        2.808595e-09
        59861.601827        4.591111e-09
        59861.605550        1.189169e-09
        59861.617883        5.936234e-09
        59861.630095        9.428895e-10
        59861.642339       -6.456108e-10
        59861.654580       -1.027948e-08
        59861.667115       -4.439735e-09
        59861.679176       -1.102999e-08
        59861.691507       -3.098023e-09
        59861.703709        1.495961e-09
        59861.715952       -1.895996e-10
        59861.728338       -9.851284e-09
        59861.740676        1.942353e-09
        59861.752876        2.773127e-10
        59861.765124       -1.355864e-09
        59861.777388        3.308847e-09
        59861.789633       -3.536210e-09
        59861.826391       -1.114424e-08
        59861.814143       -4.542557e-09
        59861.850877       -3.680673e-09
        59861.838629       -1.294332e-08
        59861.875490        3.462711e-09
        59861.863120       -5.886290e-09
        59861.900096       -1.629418e-08
        59861.887827       -5.766628e-09
        59861.924673        4.780822e-10
        59861.912425       -1.640165e-08
        59861.949327       -9.717891e-09
        59861.936933       -1.624834e-08
        59861.973873       -2.021646e-08
        59861.961661       -1.084532e-08
        59861.998372       -1.601497e-08
        59861.986124       -9.233331e-09
        59862.022975       -1.333820e-08
        59862.010628       -5.751609e-09
        59862.047568       -8.148258e-09
        59862.035315        1.224525e-09
        59862.072243        1.444257e-08
        59862.059831        1.243646e-09
        59862.096873        8.388782e-10
        59862.084576        2.775864e-09
        59862.148381        1.167347e-08
        59862.122805        1.128044e-08
        59862.177115        2.067044e-08
        59862.160637        2.121797e-08
        59862.853758        4.772998e-09
        59865.297141        1.053578e-09
        59867.559621        2.202249e-09
